1.000000000 0.000000000 0.000000000 0.000000000 0.000000000 1.000000000 0.000000000 0.000000000 0.000000000 0.000000000 1.000000000 0.000000000
1.000000000 -0.000166844 0.000065646 -0.011541152 0.000166751 0.999998987 0.001423133 -0.013459366 -0.000065883 -0.001423122 0.999998987 1.319364548
0.999998510 -0.001591959 -0.000619136 -0.011702501 0.001593028 0.999997258 0.001729148 -0.038650382 0.000616381 -0.001730131 0.999998331 2.612251759
0.999995768 -0.002826256 -0.000649107 -0.014829155 0.002826782 0.999995649 0.000812262 -0.056394052 0.000646809 -0.000814093 0.999999404 3.923075438
0.999994993 -0.003097463 -0.000577354 -0.025598034 0.003097981 0.999994755 0.000899892 -0.073986404 0.000574563 -0.000901676 0.999999464 5.246469498
0.999992669 -0.003752249 -0.000756999 -0.020169066 0.003753650 0.999991238 0.001857218 -0.100841098 0.000750023 -0.001860046 0.999997973 6.564786911
0.999986649 -0.005155711 -0.000266463 -0.033426575 0.005156478 0.999982357 0.002966489 -0.115322150 0.000251164 -0.002967823 0.999995589 7.882844925
0.999988198 -0.004830482 -0.000498464 -0.038763080 0.004832291 0.999981523 0.003691784 -0.138967752 0.000480622 -0.003694149 0.999993086 9.224650383
0.999993145 -0.003629799 -0.000679584 -0.049460728 0.003630981 0.999991894 0.001744192 -0.154753909 0.000673248 -0.001746648 0.999998271 10.568067551
0.999998629 -0.001340137 -0.000962801 -0.055471078 0.001339961 0.999999106 -0.000183019 -0.178926960 0.000963046 0.000181729 0.999999523 11.903723717
0.999996722 0.002515542 -0.000433133 -0.076839283 -0.002515994 0.999996305 -0.001047293 -0.201511055 0.000430497 0.001048379 0.999999344 13.243412971
0.999990046 0.004397905 -0.000625462 -0.085889086 -0.004398594 0.999989688 -0.001104750 -0.224438354 0.000620597 0.001107491 0.999999166 14.584980965
0.999983430 0.005719607 -0.000654541 -0.093329690 -0.005719845 0.999983549 -0.000361672 -0.242826268 0.000652462 0.000365410 0.999999642 15.937720299
0.999995232 0.003070914 0.000020338 -0.102136321 -0.003070957 0.999991894 0.002578682 -0.268948913 -0.000012419 -0.002578732 0.999996662 17.286203384
0.999999225 -0.001286861 0.000104621 -0.104793169 0.001286367 0.999988675 0.004596476 -0.290044904 -0.000110535 -0.004596338 0.999989450 18.639490128
0.999993742 -0.003538236 -0.000092421 -0.106482461 0.003538424 0.999991477 0.002117641 -0.303404152 0.000084928 -0.002117954 0.999997735 19.982151031
0.999988973 -0.004706752 -0.000188189 -0.114652842 0.004706813 0.999988854 0.000328119 -0.323245615 0.000186643 -0.000329001 0.999999940 21.334579468
0.999998093 -0.001815409 0.000690397 -0.123079337 0.001816385 0.999997377 -0.001415450 -0.345200121 -0.000687826 0.001416701 0.999998748 22.678882599
0.999998450 0.000908573 0.001505341 -0.134919837 -0.000909427 0.999999464 0.000566527 -0.362848163 -0.001504825 -0.000567895 0.999998689 24.046112061
0.999997735 0.000999321 0.001837407 -0.140095219 -0.001007294 0.999989986 0.004343618 -0.387507021 -0.001833048 -0.004345458 0.999988854 25.410095215
0.999995828 -0.001335809 0.002556985 -0.139944240 0.001319670 0.999979258 0.006302979 -0.398385674 -0.002565352 -0.006299579 0.999976873 26.793746948
0.999983132 -0.005511529 0.001844667 -0.137874514 0.005503323 0.999975085 0.004424775 -0.413535386 -0.001869008 -0.004414548 0.999988496 28.155427933
0.999984562 -0.005297355 0.001701115 -0.138506413 0.005294173 0.999984264 0.001870961 -0.423868477 -0.001710999 -0.001861927 0.999996781 29.532117844
0.999978185 -0.006116828 0.002494372 -0.139305070 0.006118693 0.999980986 -0.000740648 -0.447114885 -0.002489795 0.000755894 0.999996603 30.917358398
0.999991596 -0.002617845 0.003163309 -0.151640177 0.002622357 0.999995530 -0.001423049 -0.470195621 -0.003159569 0.001431333 0.999993980 32.292419434
0.999991477 -0.001903564 0.003655636 -0.157824934 0.001915446 0.999992907 -0.003249566 -0.501165032 -0.003649424 0.003256540 0.999988019 33.662448883
0.999992728 -0.001278177 0.003607602 -0.154136196 0.001287860 0.999995589 -0.002682803 -0.524202168 -0.003604157 0.002687430 0.999989927 35.056804657
0.999992907 -0.000705289 0.003684882 -0.162715659 0.000711230 0.999998450 -0.001611288 -0.548722208 -0.003683740 0.001613898 0.999991894 36.435882568
0.999995291 0.000240997 0.003078436 -0.165971383 -0.000240966 1.000000000 -0.000010562 -0.572335780 -0.003078439 0.000009820 0.999995232 37.841350555
0.999988198 0.003286112 0.003575576 -0.177895993 -0.003287773 0.999994516 0.000458685 -0.598705351 -0.003574050 -0.000470435 0.999993503 39.224369049
0.999972522 0.006200432 0.004049175 -0.190343589 -0.006200668 0.999980748 0.000045892 -0.620393693 -0.004048813 -0.000070999 0.999991775 40.610538483
0.999962926 0.007691941 0.003876518 -0.191440493 -0.007693904 0.999970257 0.000491611 -0.641988337 -0.003872621 -0.000521418 0.999992371 42.020412445
0.999957263 0.008513809 0.003610516 -0.194281429 -0.008515664 0.999963582 0.000498704 -0.664004505 -0.003606139 -0.000529429 0.999993384 43.418704987
0.999965549 0.007679203 0.003156026 -0.198483050 -0.007680757 0.999970376 0.000480818 -0.690366507 -0.003152241 -0.000505042 0.999994934 44.832874298
0.999971509 0.007148815 0.002411836 -0.202736825 -0.007148744 0.999974430 -0.000038526 -0.710246742 -0.002412050 0.000021283 0.999997139 46.234336853
0.999980688 0.006037616 0.001454669 -0.203195810 -0.006038096 0.999981701 0.000325775 -0.735525846 -0.001452676 -0.000334552 0.999998868 47.641540527
0.999976516 0.006827069 0.000632122 -0.211946487 -0.006828005 0.999975622 0.001491623 -0.756179094 -0.000621924 -0.001495904 0.999998689 49.058689117
0.999976218 0.006859674 -0.000689004 -0.217068955 -0.006858736 0.999975502 0.001355217 -0.781386852 0.000698283 -0.001350459 0.999998868 50.468006134
0.999971449 0.007371935 -0.001610758 -0.235283941 -0.007369048 0.999971211 0.001790473 -0.800229549 0.001623911 -0.001778552 0.999997079 51.879791260
0.999971032 0.007079452 -0.002805625 -0.248207465 -0.007071785 0.999971271 0.002733019 -0.824140131 0.002824893 -0.002713100 0.999992311 53.294609070
0.999978125 0.005592849 -0.003550217 -0.257902384 -0.005580352 0.999978244 0.003520336 -0.841955781 0.003569829 -0.003500448 0.999987483 54.730113983
0.999984920 0.003756730 -0.004019990 -0.266998053 -0.003741247 0.999985695 0.003852060 -0.863870680 0.004034405 -0.003836962 0.999984443 56.180065155
0.999990761 0.001451459 -0.004036125 -0.286866456 -0.001438042 0.999993443 0.003325135 -0.887934566 0.004040925 -0.003319300 0.999986351 57.563274384
0.999990106 0.000281367 -0.004452784 -0.297276437 -0.000263776 0.999992132 0.003950519 -0.909592271 0.004453862 -0.003949305 0.999982297 58.987274170
0.999992371 -0.001054533 -0.003744166 -0.308206975 0.001070746 0.999990046 0.004331053 -0.927703738 0.003739561 -0.004335030 0.999983609 60.405200958
0.999991655 -0.002421556 -0.003285559 -0.315463930 0.002438683 0.999983430 0.005219134 -0.946652293 0.003272866 -0.005227103 0.999980986 61.838966370
0.999990404 -0.003563432 -0.002541547 -0.335267156 0.003575643 0.999981999 0.004816314 -0.971515417 0.002524338 -0.004825355 0.999985158 63.244369507
0.999987125 -0.004737926 -0.001818160 -0.349303752 0.004744902 0.999981403 0.003852140 -0.986878633 0.001799875 -0.003860717 0.999990940 64.658370972
0.999984682 -0.005294466 -0.001607128 -0.348487586 0.005300512 0.999978900 0.003781217 -1.013091087 0.001587074 -0.003789678 0.999991536 66.073364258
0.999991775 -0.004026898 -0.000477226 -0.358039379 0.004028670 0.999984801 0.003773189 -1.030648708 0.000462025 -0.003775080 0.999992728 67.506607056
0.999999940 -0.000337969 -0.000182242 -0.373957753 0.000338820 0.999988914 0.004688961 -1.048479557 0.000180655 -0.004689020 0.999988973 68.894729614
0.999994218 0.003282133 0.000914795 -0.393095642 -0.003287320 0.999978185 0.005726851 -1.065308332 -0.000895979 -0.005729823 0.999983191 70.291389465
0.999978483 0.006432138 0.001309261 -0.395452470 -0.006440640 0.999957502 0.006596659 -1.087481976 -0.001266775 -0.006604950 0.999977410 71.709358215
0.999942958 0.010484747 0.002026742 -0.411368549 -0.010496785 0.999926805 0.006023587 -1.101744890 -0.001963438 -0.006044518 0.999979854 73.111854553
0.999899447 0.013930686 0.002642920 -0.422175735 -0.013945070 0.999887526 0.005504831 -1.123045564 -0.002565937 -0.005541134 0.999981344 74.522094727
0.999871850 0.015645994 0.003397153 -0.427819937 -0.015664600 0.999862015 0.005521051 -1.143240094 -0.003310303 -0.005573558 0.999978900 75.909072876
0.999873579 0.015489506 0.003585976 -0.432526320 -0.015510451 0.999862313 0.005888517 -1.160155296 -0.003494272 -0.005943393 0.999976158 77.312103271
0.999881208 0.014927348 0.003864105 -0.437859446 -0.014948286 0.999873459 0.005447184 -1.178293586 -0.003782303 -0.005504298 0.999977708 78.703964233
0.999903023 0.013442503 0.003637634 -0.438333094 -0.013459248 0.999898732 0.004619325 -1.198776722 -0.003575171 -0.004667836 0.999982715 80.098648071
0.999912143 0.012850412 0.003230771 -0.439274698 -0.012865587 0.999906003 0.004720885 -1.216258049 -0.003169802 -0.004762036 0.999983609 81.486618042
0.999915302 0.012660716 0.003012914 -0.440305233 -0.012674995 0.999908328 0.004768325 -1.234663129 -0.002952267 -0.004806111 0.999984086 82.867774963
0.999925852 0.011969217 0.002214520 -0.436610579 -0.011978664 0.999918997 0.004303632 -1.252276063 -0.002162829 -0.004329841 0.999988258 84.247512817
0.999922454 0.012319379 0.001831995 -0.456181377 -0.012327719 0.999913335 0.004613693 -1.264055371 -0.001774999 -0.004635919 0.999987662 85.619895935
0.999930143 0.011796606 0.000765229 -0.456584722 -0.011800651 0.999915183 0.005515782 -1.288254738 -0.000700097 -0.005524425 0.999984503 86.993095398
0.999955237 0.009458299 -0.000476867 -0.468365252 -0.009455014 0.999934435 0.006471896 -1.302926898 0.000538049 -0.006467097 0.999978960 88.407989502
0.999970019 0.007596403 -0.001490964 -0.475209683 -0.007586027 0.999947786 0.006845256 -1.326396704 0.001542886 -0.006833741 0.999975443 89.763061523
0.999982774 0.005402893 -0.002298083 -0.476169109 -0.005386136 0.999959350 0.007236558 -1.349925518 0.002337088 -0.007224056 0.999971211 91.110122681
0.999987602 0.004022748 -0.002919552 -0.486653507 -0.004003605 0.999970615 0.006533128 -1.367509246 0.002945747 -0.006521359 0.999974370 92.496299744
0.999989390 0.003010503 -0.003491202 -0.495522052 -0.002989084 0.999976814 0.006124035 -1.382618904 0.003509558 -0.006113534 0.999975145 93.832496643
0.999988973 0.003467334 -0.003139446 -0.508918226 -0.003449809 0.999978542 0.005570804 -1.401786566 0.003158694 -0.005559912 0.999979496 95.203231812
0.999989212 0.003729769 -0.002761089 -0.531789899 -0.003715233 0.999979377 0.005251160 -1.421527505 0.002780617 -0.005240846 0.999982357 96.552398682
0.999987006 0.004180711 -0.002918317 -0.529893517 -0.004167894 0.999981701 0.004384133 -1.440910101 0.002936592 -0.004371915 0.999986112 97.913139343
0.999981165 0.005490342 -0.002742636 -0.549568355 -0.005477733 0.999974430 0.004583577 -1.457565904 0.002767731 -0.004568468 0.999985695 99.258293152
0.999979258 0.006024863 -0.002271101 -0.554601252 -0.006011080 0.999963760 0.006027590 -1.476101398 0.002307334 -0.006013814 0.999979258 100.602897644
0.999971628 0.007139477 -0.002390544 -0.570775270 -0.007121605 0.999947250 0.007402550 -1.489760756 0.002443268 -0.007385315 0.999969721 101.932716370
0.999974012 0.006949403 -0.001914969 -0.579566300 -0.006938290 0.999959409 0.005750030 -1.510993123 0.001954850 -0.005736593 0.999981642 103.300964355
0.999973297 0.007134579 -0.001590590 -0.596392751 -0.007129198 0.999969006 0.003363493 -1.525117755 0.001614538 -0.003352063 0.999993086 104.629501343
0.999978185 0.006295469 -0.002058641 -0.597396076 -0.006290821 0.999977648 0.002255889 -1.549957991 0.002072797 -0.002242889 0.999995351 105.967140198
0.999990880 0.003896127 -0.001774268 -0.612821639 -0.003889701 0.999985933 0.003610855 -1.568228602 0.001788311 -0.003603920 0.999991894 107.292167664
0.999998033 0.001621911 -0.001165030 -0.619403303 -0.001615483 0.999983609 0.005497871 -1.585681558 0.001173928 -0.005495979 0.999984205 108.629287720
0.999999940 0.000337699 -0.000361018 -0.627540350 -0.000335473 0.999981105 0.006148521 -1.606647015 0.000363087 -0.006148399 0.999981105 109.961296082
0.999999762 -0.000360780 0.000520139 -0.630303144 0.000358428 0.999989748 0.004514321 -1.617543459 -0.000521762 -0.004514133 0.999989629 111.301521301
0.999997497 0.001688348 0.001455514 -0.640858114 -0.001691583 0.999996066 0.002223700 -1.634600997 -0.001451754 -0.002226156 0.999996424 112.632827759
0.999988437 0.004068231 0.002567281 -0.652035236 -0.004068197 0.999991715 -0.000019123 -1.653185368 -0.002567338 0.000008679 0.999996722 113.958717346
0.999966562 0.007337194 0.003619337 -0.658074200 -0.007337715 0.999973059 0.000130361 -1.675894976 -0.003618282 -0.000156914 0.999993503 115.289161682
0.999957621 0.007604124 0.005192605 -0.653748989 -0.007615995 0.999968529 0.002270602 -1.701617599 -0.005175175 -0.002310053 0.999983907 116.625244141
0.999952555 0.007243318 0.006513685 -0.654274344 -0.007274069 0.999962449 0.004709823 -1.721867442 -0.006479326 -0.004756981 0.999967694 117.950569153
0.999947548 0.007359521 0.007123727 -0.650552869 -0.007394893 0.999960423 0.004951770 -1.739534855 -0.007087003 -0.005004189 0.999962389 119.293708801
0.999937832 0.007719811 0.008046877 -0.645419240 -0.007756655 0.999959588 0.004557666 -1.757410884 -0.008011367 -0.004619799 0.999957204 120.636955261
0.999910653 0.009608928 0.009289898 -0.638031840 -0.009645016 0.999945998 0.003847636 -1.773506045 -0.009252425 -0.003936893 0.999949455 121.978050232
0.999875367 0.011635456 0.010673448 -0.634035349 -0.011674074 0.999925435 0.003562875 -1.791202664 -0.010631198 -0.003687033 0.999936700 123.311477661
0.999853194 0.012515984 0.011703686 -0.627187788 -0.012546964 0.999917984 0.002577203 -1.811614037 -0.011670467 -0.002723670 0.999928117 124.664466858
0.999820113 0.013740821 0.013077769 -0.624841094 -0.013762002 0.999904156 0.001530929 -1.825100541 -0.013055478 -0.001710630 0.999913216 126.015113831
0.999826372 0.012532792 0.013788757 -0.612722993 -0.012553982 0.999920130 0.001451201 -1.846825957 -0.013769466 -0.001624053 0.999903858 127.360473633
0.999814212 0.012419232 0.014742933 -0.602728248 -0.012457724 0.999919236 0.002521789 -1.864452600 -0.014710424 -0.002704984 0.999888122 128.711425781
0.999823153 0.010728526 0.015444254 -0.589772463 -0.010783846 0.999935746 0.003503041 -1.887312174 -0.015405681 -0.003668970 0.999874592 130.074783325
0.999820352 0.010133426 0.016018823 -0.577890873 -0.010193213 0.999941349 0.003655073 -1.900991321 -0.015980847 -0.003817699 0.999864995 131.424209595
0.999840796 0.007804212 0.016045844 -0.563368738 -0.007866311 0.999961793 0.003810615 -1.916389465 -0.016015492 -0.003936230 0.999863982 132.786529541
0.999851644 0.006716514 0.015868234 -0.547849059 -0.006787277 0.999967217 0.004409773 -1.940751314 -0.015838096 -0.004516820 0.999864340 134.109375000
0.999869466 0.005251001 0.015281452 -0.534569919 -0.005314382 0.999977410 0.004109972 -1.958179116 -0.015259527 -0.004190648 0.999874711 135.453842163
0.999888539 0.003868235 0.014421363 -0.526992500 -0.003926163 0.999984205 0.003990649 -1.973631024 -0.014405699 -0.004046825 0.999888003 136.786270142
0.999913633 0.002435261 0.012914403 -0.504923522 -0.002498962 0.999984741 0.004918641 -1.995082617 -0.012902229 -0.004950488 0.999904513 138.157287598
0.999927163 0.001222288 0.012015550 -0.495032132 -0.001282786 0.999986589 0.005028572 -2.012655258 -0.012009243 -0.005043617 0.999915183 139.492752075
0.999944031 0.001224115 0.010510302 -0.483331054 -0.001274197 0.999987841 0.004759648 -2.026177406 -0.010504347 -0.004772773 0.999933362 140.855239868
0.999957144 0.000522220 0.009237903 -0.475445211 -0.000565098 0.999989033 0.004639451 -2.049435139 -0.009235378 -0.004644472 0.999946535 142.195068359
0.999963582 0.000839601 0.008508360 -0.475319296 -0.000875162 0.999990880 0.004176732 -2.067986727 -0.008504778 -0.004184026 0.999955058 143.531387329
0.999968290 -0.001774356 0.007772381 -0.476727575 0.001758862 0.999996364 0.001999802 -2.088759899 -0.007775902 -0.001986068 0.999967813 144.863830566
0.999950230 -0.007496715 0.006571415 -0.456513971 0.007488927 0.999971211 0.001208944 -2.103999376 -0.006580290 -0.001159671 0.999977648 146.232864380
0.999882162 -0.014241220 0.005719224 -0.452117294 0.014221235 0.999892652 0.003520069 -2.120593786 -0.005768741 -0.003438320 0.999977410 147.579498291
0.999759018 -0.021581240 0.004007248 -0.440220535 0.021560878 0.999754667 0.005057376 -2.143417835 -0.004115409 -0.004969757 0.999979198 148.936050415
0.999674380 -0.025355186 0.002863698 -0.423872918 0.025349867 0.999676824 0.001879967 -2.162478209 -0.002910438 -0.001806760 0.999994099 150.296508789
0.999695420 -0.024441537 0.003425341 -0.427986622 0.024446573 0.999700129 -0.001435546 -2.186821938 -0.003389227 0.001518847 0.999993026 151.639938354
0.999777675 -0.020630471 0.004364056 -0.439223260 0.020645756 0.999780834 -0.003486996 -2.212935925 -0.004291160 0.003576320 0.999984384 152.967529297
0.999755561 -0.021545397 0.004964225 -0.432299435 0.021561611 0.999762416 -0.003236462 -2.243050814 -0.004893313 0.003342707 0.999982417 154.335174561
0.999674976 -0.024833420 0.005787913 -0.434148937 0.024831377 0.999691665 0.000424625 -2.269918919 -0.005796673 -0.000280764 0.999983132 155.684906006
0.999527395 -0.030134521 0.006060267 -0.414052278 0.030116193 0.999541640 0.003092907 -2.293040037 -0.006150693 -0.002908933 0.999976873 157.037521362
0.999413848 -0.033709463 0.005963056 -0.406779081 0.033682566 0.999422193 0.004555164 -2.310702801 -0.006113162 -0.004351644 0.999971807 158.371658325
0.999369800 -0.034974173 0.006068401 -0.395360947 0.034949262 0.999380350 0.004162991 -2.328975439 -0.006210239 -0.003948281 0.999972939 159.739593506
0.999412715 -0.033496067 0.007227786 -0.399720997 0.033460341 0.999427438 0.005008129 -2.347408772 -0.007391401 -0.004763344 0.999961317 161.076599121
0.999545872 -0.028941642 0.008395329 -0.396749824 0.028911171 0.999574959 0.003728176 -2.360790491 -0.008499660 -0.003483763 0.999957740 162.432144165
0.999627531 -0.025571721 0.009534104 -0.405801892 0.025556089 0.999671817 0.001757881 -2.379976988 -0.009575925 -0.001513572 0.999953032 163.755111694
0.999686599 -0.022727996 0.010493997 -0.400713086 0.022717940 0.999741316 0.001076771 -2.397089720 -0.010515754 -0.000838032 0.999944448 165.106002808
0.999727726 -0.020758424 0.010654785 -0.394593269 0.020730661 0.999781430 0.002709518 -2.426887989 -0.010708701 -0.002487900 0.999939561 166.457443237
0.999769926 -0.018814661 0.010299372 -0.384510100 0.018790917 0.999820590 0.002397021 -2.448903322 -0.010342622 -0.002202935 0.999944150 167.826843262
0.999814153 -0.016543509 0.009889271 -0.379367471 0.016548261 0.999862969 -0.000398592 -2.464082003 -0.009881323 0.000562168 0.999951005 169.184860229
0.999877214 -0.012435596 0.009526034 -0.379675478 0.012467655 0.999916852 -0.003313458 -2.485286951 -0.009484039 0.003431819 0.999949157 170.537399292
0.999926150 -0.007549331 0.009526527 -0.385396093 0.007591760 0.999961376 -0.004425470 -2.510606527 -0.009492749 0.004497466 0.999944806 171.919357300
0.999947965 -0.002830418 0.009802883 -0.382691532 0.002863120 0.999990344 -0.003323521 -2.536884546 -0.009793382 0.003351415 0.999946415 173.288391113
0.999944925 0.000063567 0.010495727 -0.383769363 -0.000049934 0.999999106 -0.001299145 -2.565296888 -0.010495801 0.001298550 0.999944091 174.654907227
0.999943316 0.001039422 0.010596585 -0.381175250 -0.001048963 0.999998987 0.000894879 -2.586508036 -0.010595645 -0.000905944 0.999943435 176.030624390
0.999949396 -0.002081850 0.009839249 -0.373190939 0.002062883 0.999995947 0.001937399 -2.607398510 -0.009843241 -0.001917004 0.999949694 177.411834717
0.999958575 -0.004569662 0.007875261 -0.354736239 0.004553474 0.999987483 0.002072440 -2.629531384 -0.007884631 -0.002036494 0.999966860 178.808090210
0.999970019 -0.004653077 0.006193409 -0.353627324 0.004668383 0.999986053 -0.002459220 -2.649153948 -0.006181879 0.002488059 0.999977827 180.201934814
0.999984741 -0.003575823 0.004197872 -0.345711976 0.003602100 0.999973834 -0.006268870 -2.679733992 -0.004175344 0.006283896 0.999971569 181.587371826
0.999992371 0.001538525 0.003581595 -0.354436249 -0.001513148 0.999973834 -0.007077243 -2.707546711 -0.003592388 0.007071769 0.999968529 182.989700317
0.999980748 0.005145679 0.003474170 -0.362434238 -0.005123396 0.999966443 -0.006392100 -2.734055519 -0.003506944 0.006374178 0.999973536 184.394546509
0.999966681 0.007120674 0.003977151 -0.375705391 -0.007109461 0.999970734 -0.002826745 -2.761857271 -0.003997162 0.002798376 0.999988079 185.797714233
0.999962330 0.007610174 0.004154168 -0.374204516 -0.007607333 0.999970734 -0.000699390 -2.786895275 -0.004159369 0.000667762 0.999991059 187.210281372
0.999965012 0.007193122 0.004255652 -0.373325080 -0.007193362 0.999974132 0.000041318 -2.804134846 -0.004255244 -0.000071929 0.999990940 188.615432739
0.999977827 0.005200271 0.004159813 -0.377155334 -0.005203041 0.999986231 0.000655440 -2.822371721 -0.004156347 -0.000677069 0.999991059 190.045684814
0.999987245 0.002596634 0.004334022 -0.369038552 -0.002602548 0.999995708 0.001359618 -2.853659391 -0.004330473 -0.001370880 0.999989688 191.465591431
0.999989390 0.000043856 0.004615018 -0.371097803 -0.000048201 0.999999583 0.000941430 -2.866652250 -0.004614975 -0.000941642 0.999988914 192.892150879
0.999982476 -0.003441500 0.004822227 -0.362069875 0.003429825 0.999991179 0.002427161 -2.894840240 -0.004830536 -0.002410580 0.999985397 194.318420410
0.999958158 -0.007458312 0.005303316 -0.359959602 0.007439038 0.999965727 0.003644762 -2.906999588 -0.005330317 -0.003605157 0.999979258 195.741607666
0.999933541 -0.010100472 0.005562987 -0.348234147 0.010080819 0.999942899 0.003549666 -2.928057909 -0.005598523 -0.003493351 0.999978185 197.181655884
0.999952078 -0.007764515 0.005974185 -0.351351768 0.007770183 0.999969423 -0.000925994 -2.947602749 -0.005966813 0.000972369 0.999981701 198.612075806
0.999980271 -0.000701044 0.006246127 -0.354280293 0.000737555 0.999982655 -0.005845090 -2.971794367 -0.006241922 0.005849582 0.999963343 200.035446167
0.999933660 0.008529135 0.007739525 -0.367498994 -0.008484783 0.999947429 -0.005745829 -3.004073620 -0.007788124 0.005679779 0.999953568 201.481338501
0.999817133 0.016911853 0.008923187 -0.383762032 -0.016892396 0.999854803 -0.002251369 -3.026203156 -0.008959965 0.002100224 0.999957621 202.918151855
0.999810040 0.016968919 0.009589791 -0.374309510 -0.016971244 0.999855936 0.000161018 -3.058074474 -0.009585678 -0.000323738 0.999953985 204.356643677
0.999844313 0.015096726 0.009132284 -0.365917861 -0.015101855 0.999885798 0.000492938 -3.075121641 -0.009123798 -0.000630776 0.999958217 205.801376343
0.999897838 0.011978179 0.007806855 -0.355588704 -0.011981326 0.999928176 0.000356489 -3.095038891 -0.007802025 -0.000449989 0.999969423 207.253845215
0.999921501 0.010296333 0.007135378 -0.353826970 -0.010295528 0.999947011 -0.000149664 -3.120358944 -0.007136541 0.000076190 0.999974549 208.711761475
0.999925196 0.010512601 0.006257223 -0.342745632 -0.010509122 0.999944568 -0.000588570 -3.142788410 -0.006263064 0.000522768 0.999980271 210.185638428
0.999904871 0.012108724 0.006618768 -0.351591647 -0.012106838 0.999926686 -0.000325195 -3.167056084 -0.006622221 0.000245031 0.999978065 211.645782471
0.999903798 0.012385882 0.006247403 -0.348779768 -0.012390158 0.999923050 0.000645894 -3.196745157 -0.006238922 -0.000723238 0.999980271 213.118759155
0.999907374 0.012178923 0.006083922 -0.352890611 -0.012179118 0.999925852 -0.000005082 -3.217688084 -0.006083533 -0.000069016 0.999981523 214.583679199
0.999916136 0.011646296 0.005664638 -0.348958880 -0.011641007 0.999931753 -0.000966031 -3.243433237 -0.005675502 0.000900008 0.999983490 216.051483154
0.999920070 0.011268534 0.005729983 -0.352561206 -0.011260455 0.999935448 -0.001440279 -3.263267040 -0.005745844 0.001375641 0.999982476 217.506393433
0.999922395 0.011320380 0.005203492 -0.353101671 -0.011313097 0.999934971 -0.001426624 -3.293471336 -0.005219303 0.001367645 0.999985456 218.993377686
0.999918818 0.011708498 0.005031417 -0.357316375 -0.011700641 0.999930203 -0.001588271 -3.318295717 -0.005049663 0.001529271 0.999985993 220.472702026
0.999921858 0.011626883 0.004595751 -0.355284542 -0.011619173 0.999930978 -0.001700880 -3.347290277 -0.004615210 0.001647348 0.999987960 221.963439941
0.999917150 0.012165802 0.004206733 -0.357078373 -0.012158649 0.999924600 -0.001721693 -3.379126549 -0.004227363 0.001670402 0.999989688 223.442779541
0.999919772 0.011976580 0.004118645 -0.361781657 -0.011969637 0.999926865 -0.001706339 -3.405763388 -0.004138780 0.001656903 0.999990106 224.921752930
0.999915481 0.012474464 0.003651220 -0.363691509 -0.012467553 0.999920428 -0.001910250 -3.430718422 -0.003674759 0.001864567 0.999991477 226.427474976
0.999925137 0.011707549 0.003557201 -0.366304457 -0.011699618 0.999929011 -0.002242190 -3.452067614 -0.003583199 0.002200404 0.999991119 227.921920776
0.999937296 0.010560139 0.003719840 -0.371622235 -0.010552038 0.999941945 -0.002190633 -3.483634472 -0.003742757 0.002151244 0.999990702 229.414154053
0.999948502 0.009249754 0.004182467 -0.381376743 -0.009241660 0.999955475 -0.001950194 -3.511908770 -0.004200319 0.001911441 0.999989390 230.911956787
0.999959052 0.008067269 0.004095685 -0.376820564 -0.008062436 0.999966741 -0.001194845 -3.536977530 -0.004105188 0.001161775 0.999990821 232.423995972
0.999957561 0.008269592 0.004053246 -0.378874898 -0.008266330 0.999965429 -0.000820986 -3.563831329 -0.004059896 0.000787445 0.999991357 233.927276611
0.999957919 0.008161746 0.004187891 -0.383656025 -0.008157428 0.999966204 -0.001047018 -3.598590374 -0.004196294 0.001012812 0.999990642 235.429687500
0.999951422 0.008867611 0.004288245 -0.381841809 -0.008861307 0.999959588 -0.001487133 -3.627869129 -0.004301260 0.001449062 0.999989688 236.937957764
0.999937654 0.009954229 0.005054640 -0.388107806 -0.009950969 0.999950290 -0.000669512 -3.656178474 -0.005061053 0.000619172 0.999986947 238.440078735
0.999929786 0.010362912 0.005743638 -0.390255481 -0.010369294 0.999945581 0.001082731 -3.675997972 -0.005732106 -0.001142213 0.999982893 239.963653564
0.999923944 0.010470917 0.006516797 -0.393519700 -0.010481496 0.999943793 0.001591507 -3.697787046 -0.006499767 -0.001659692 0.999977469 241.474670410
0.999913871 0.010940817 0.007261966 -0.392614722 -0.010941991 0.999940157 0.000122021 -3.727402925 -0.007260196 -0.000201471 0.999973595 242.977615356
0.999904275 0.011392755 0.007847567 -0.386472583 -0.011382089 0.999934256 -0.001402364 -3.749762297 -0.007863026 0.001312908 0.999968231 244.491531372
0.999904633 0.011236898 0.008018985 -0.385250151 -0.011232733 0.999936759 -0.000564139 -3.779626846 -0.008024816 0.000474010 0.999967694 246.010498047
0.999910176 0.010974540 0.007693509 -0.375226259 -0.010978635 0.999939561 0.000490085 -3.806567669 -0.007687666 -0.000574505 0.999970257 247.540588379
0.999900758 0.011767105 0.007747337 -0.377275616 -0.011772323 0.999930501 0.000628280 -3.828272581 -0.007739406 -0.000719422 0.999969780 249.079910278
0.999902368 0.011792437 0.007496926 -0.375403553 -0.011799974 0.999929905 0.000961951 -3.859020472 -0.007485056 -0.001050320 0.999971449 250.591857910
0.999882102 0.013235808 0.007787202 -0.371811628 -0.013244061 0.999911785 0.001009284 -3.880719185 -0.007773156 -0.001112300 0.999969184 252.131835938
0.999860823 0.014613319 0.008045570 -0.376993656 -0.014622098 0.999892473 0.001033250 -3.905122280 -0.008029606 -0.001150749 0.999967098 253.636993408
0.999850869 0.015055099 0.008461481 -0.379069149 -0.015067989 0.999885380 0.001461715 -3.930063486 -0.008438504 -0.001588994 0.999963045 255.158798218
0.999875963 0.013507633 0.008091625 -0.374010563 -0.013518933 0.999907732 0.001343494 -3.950010538 -0.008072729 -0.001452718 0.999966383 256.717407227
0.999895751 0.011982642 0.008054296 -0.364877731 -0.012000163 0.999925733 0.002130436 -3.972853661 -0.008028169 -0.002226867 0.999965310 258.246673584
0.999925435 0.009343328 0.007863482 -0.358739287 -0.009363965 0.999952793 0.002591969 -3.988121033 -0.007838893 -0.002665409 0.999965727 259.797912598
0.999938667 0.007868230 0.007799458 -0.353238106 -0.007885459 0.999966502 0.002180683 -4.013316154 -0.007782039 -0.002242052 0.999967217 261.331451416
0.999951363 0.006734797 0.007217607 -0.340288311 -0.006741442 0.999976873 0.000896691 -4.035210133 -0.007211402 -0.000945305 0.999973536 262.867523193
0.999957323 0.004981824 0.007780985 -0.335993797 -0.005000304 0.999984682 0.002357327 -4.052917957 -0.007769122 -0.002396134 0.999966979 264.403839111
0.999960363 0.002878482 0.008426213 -0.335390478 -0.002915522 0.999986112 0.004386846 -4.072531700 -0.008413468 -0.004411240 0.999954879 265.937255859
0.999963343 0.002027192 0.008321332 -0.328088343 -0.002056818 0.999991536 0.003553164 -4.090019703 -0.008314060 -0.003570150 0.999959111 267.474090576
0.999960423 0.001298053 0.008791622 -0.318430483 -0.001319324 0.999996245 0.002414125 -4.107595444 -0.008788454 -0.002425628 0.999958456 269.011779785
0.999952376 0.001925074 0.009558781 -0.313712090 -0.001946715 0.999995530 0.002255112 -4.133376598 -0.009554398 -0.002273613 0.999951780 270.541717529
0.999943435 0.003511136 0.010037193 -0.299636781 -0.003535898 0.999990702 0.002450326 -4.160529137 -0.010028495 -0.002485679 0.999946594 272.095397949
0.999923825 0.005237276 0.011176377 -0.297082484 -0.005256884 0.999984682 0.001725744 -4.177930832 -0.011167167 -0.001784366 0.999936044 273.631286621
0.999906421 0.005939441 0.012324166 -0.292523056 -0.005962774 0.999980509 0.001857522 -4.203547955 -0.012312895 -0.001930835 0.999922335 275.167572021
0.999885440 0.007407137 0.013206656 -0.277970552 -0.007424068 0.999971747 0.001233486 -4.227357864 -0.013197146 -0.001331392 0.999912024 276.703979492
0.999876797 0.007812289 0.013616434 -0.258529484 -0.007823970 0.999969065 0.000804836 -4.258668423 -0.013609726 -0.000911271 0.999906957 278.242279053
0.999871254 0.006911573 0.014486204 -0.240434691 -0.006917024 0.999976039 0.000326293 -4.277497768 -0.014483603 -0.000426453 0.999894977 279.819061279
0.999866188 0.006058749 0.015189572 -0.219400004 -0.006067268 0.999981463 0.000514780 -4.302050114 -0.015186171 -0.000606871 0.999884486 281.339935303
0.999863088 0.004867949 0.015815724 -0.201520652 -0.004892355 0.999986887 0.001504849 -4.324669361 -0.015808191 -0.001582019 0.999873817 282.905914307
0.999861419 0.003991460 0.016158052 -0.184028983 -0.004021322 0.999990284 0.001816003 -4.349280834 -0.016150646 -0.001880728 0.999867737 284.461120605
0.999870300 0.003839247 0.015641566 -0.156423986 -0.003828251 0.999992430 -0.000732861 -4.377300262 -0.015644263 0.000672886 0.999877334 286.029968262
0.999876440 0.002359786 0.015540220 -0.133073866 -0.002314784 0.999993086 -0.002913160 -4.400113106 -0.015546989 0.002876828 0.999875009 287.561950684
0.999886274 0.002201186 0.014912773 -0.114306249 -0.002153292 0.999992490 -0.003226908 -4.426280499 -0.014919765 0.003194430 0.999883592 289.119628906
0.999902070 0.000793923 0.013968850 -0.102816343 -0.000752311 0.999995291 -0.002983932 -4.454760075 -0.013971154 0.002973131 0.999897897 290.683227539
0.999917924 0.000503259 0.012801262 -0.087914243 -0.000456610 0.999993265 -0.003646760 -4.481767178 -0.012803008 0.003640615 0.999911427 292.241424561
0.999923944 0.000689712 0.012324424 -0.078598022 -0.000642643 0.999992490 -0.003822722 -4.512053490 -0.012326970 0.003814510 0.999916732 293.804504395
0.999933660 0.000761600 0.011489702 -0.061843634 -0.000723358 0.999994159 -0.003332164 -4.542997360 -0.011492174 0.003323632 0.999928355 295.369323730
0.999944925 0.000206684 0.010490221 -0.051607914 -0.000172219 0.999994576 -0.003286275 -4.573064327 -0.010490844 0.003284288 0.999939561 296.932708740
0.999955893 -0.000092929 0.009394420 -0.038496193 0.000109122 0.999998510 -0.001723132 -4.604981899 -0.009394244 0.001724081 0.999954402 298.501586914
0.999960184 0.001426455 0.008803354 -0.034242246 -0.001421829 0.999998808 -0.000531679 -4.628998280 -0.008804101 0.000519141 0.999961138 300.083679199
0.999953210 0.001700398 0.009515020 -0.025587833 -0.001695798 0.999998450 -0.000491395 -4.652069569 -0.009515841 0.000475237 0.999954581 301.665740967
0.999945283 0.001887907 0.010281680 -0.015353829 -0.001882732 0.999998212 -0.000512922 -4.682020187 -0.010282627 0.000493537 0.999947011 303.259490967
0.999941528 0.000679597 0.010788364 -0.006870324 -0.000669812 0.999999344 -0.000910636 -4.701853752 -0.010788975 0.000903357 0.999941409 304.845062256
0.999940217 -0.001171703 0.010884659 0.007456352 0.001191843 0.999997616 -0.001843998 -4.730764866 -0.010882475 0.001856861 0.999939084 306.436309814
0.999933183 -0.002620530 0.011258741 0.024805930 0.002664695 0.999988794 -0.003909579 -4.757165432 -0.011248370 0.003939319 0.999928951 308.038574219
0.999934614 -0.002709728 0.011103050 0.035104230 0.002764732 0.999983966 -0.004941606 -4.785943985 -0.011089481 0.004971980 0.999926090 309.641113281
0.999957919 -0.002204056 0.008911498 0.038292758 0.002257344 0.999979615 -0.005973949 -4.818796158 -0.008898149 0.005993813 0.999942482 311.244628906
0.999976993 -0.001105573 0.006689787 0.051080722 0.001139875 0.999986231 -0.005125885 -4.853132248 -0.006684028 0.005133393 0.999964476 312.859954834
0.999982119 0.000125009 0.005980925 0.059438471 -0.000112548 0.999997854 -0.002083811 -4.879791260 -0.005981172 0.002083100 0.999979913 314.497772217
0.999975502 -0.001550820 0.006840996 0.060135003 0.001542928 0.999998093 0.001158836 -4.912111759 -0.006842782 -0.001148252 0.999975920 316.106536865
0.999974668 -0.002807471 0.006530853 0.072026089 0.002794215 0.999994040 0.002038075 -4.936410427 -0.006536535 -0.002019775 0.999976635 317.734161377
0.999969661 -0.003412091 0.007004591 0.072846346 0.003407947 0.999994040 0.000603411 -4.959963799 -0.007006607 -0.000579521 0.999975204 319.338623047
0.999960601 -0.004762786 0.007492421 0.070031218 0.004757353 0.999988496 0.000742736 -4.984508514 -0.007495871 -0.000707063 0.999971569 320.949493408
0.999958932 -0.004456452 0.007905718 0.072863892 0.004448977 0.999989629 0.000962845 -5.011106014 -0.007909928 -0.000927633 0.999968231 322.565216064
0.999954641 -0.004372742 0.008459463 0.079862975 0.004365555 0.999990106 0.000867929 -5.036495686 -0.008463175 -0.000830960 0.999963820 324.184051514
0.999958575 -0.003215669 0.008515491 0.089598440 0.003217665 0.999994814 -0.000220588 -5.057718754 -0.008514738 0.000247979 0.999963701 325.801025391
0.999951720 -0.002301691 0.009554188 0.090164207 0.002306344 0.999997199 -0.000476034 -5.097914696 -0.009553066 0.000498047 0.999954164 327.422760010
0.999944448 -0.003690406 0.009877891 0.104096249 0.003677004 0.999992311 0.001374591 -5.123764038 -0.009882888 -0.001338193 0.999950230 329.063598633
0.999934494 -0.004506063 0.010516199 0.109471291 0.004480065 0.999986768 0.002494392 -5.154437065 -0.010527300 -0.002447116 0.999941587 330.643676758
0.999928057 -0.006031364 0.010369792 0.122726098 0.006018865 0.999981105 0.001236146 -5.180106640 -0.010377052 -0.001173642 0.999945462 332.270233154
0.999938250 -0.004066607 0.010342279 0.138223067 0.004054716 0.999991059 0.001170340 -5.204383373 -0.010346947 -0.001128333 0.999945819 333.885589600
0.999945402 -0.002307837 0.010194012 0.135756269 0.002312093 0.999997318 -0.000405710 -5.236137867 -0.010193049 0.000429258 0.999947965 335.479370117
0.999954045 -0.000376034 0.009577567 0.148954690 0.000411572 0.999992967 -0.003708873 -5.264552593 -0.009576106 0.003712645 0.999947250 337.086364746
0.999961436 0.000730481 0.008748486 0.154688418 -0.000701325 0.999994218 -0.003335299 -5.293506145 -0.008750873 0.003329036 0.999956131 338.692474365
0.999968231 0.001742239 0.007772964 0.157515287 -0.001742735 0.999998510 0.000056945 -5.323750019 -0.007772853 -0.000070489 0.999969840 340.273345947
0.999976039 0.002460571 0.006469611 0.165961206 -0.002481375 0.999991715 0.003209509 -5.355702400 -0.006461660 -0.003225485 0.999973893 341.895050049
0.999980211 0.003287917 0.005388899 0.165312260 -0.003297664 0.999992967 0.001800803 -5.377759457 -0.005382940 -0.001818538 0.999983847 343.500091553
0.999989927 0.002617091 0.003649625 0.162206188 -0.002617677 0.999996662 0.000155766 -5.402660847 -0.003649204 -0.000165318 0.999993324 345.088897705
0.999998093 0.001236350 0.001491518 0.172064036 -0.001238380 0.999998331 0.001360476 -5.425601482 -0.001489834 -0.001362321 0.999997914 346.699859619
0.999999821 -0.000265497 0.000414949 0.168059781 0.000264650 0.999997854 0.002039609 -5.454197884 -0.000415489 -0.002039499 0.999997795 348.292205811
0.999999821 -0.000480533 0.000154486 0.159255862 0.000480356 0.999999225 0.001143505 -5.475099564 -0.000155035 -0.001143431 0.999999285 349.884582520
0.999998748 -0.001534833 -0.000319500 0.156663090 0.001534896 0.999998808 0.000196837 -5.501206875 0.000319198 -0.000197328 0.999999940 351.476654053
0.999998689 -0.001549009 -0.000291544 0.148546562 0.001548977 0.999998808 -0.000113757 -5.525186062 0.000291720 0.000113305 0.999999940 353.064636230
0.999997079 -0.002399399 -0.000363575 0.139672503 0.002399242 0.999997020 -0.000432507 -5.547811508 0.000364612 0.000431634 0.999999762 354.652252197
0.999997735 -0.002115033 -0.000114198 0.130835474 0.002114930 0.999997377 -0.000901637 -5.581872940 0.000116105 0.000901394 0.999999583 356.247863770
0.999996305 -0.002715633 -0.000111451 0.122175887 0.002715459 0.999995112 -0.001532688 -5.609601974 0.000115613 0.001532379 0.999998808 357.843383789
0.999994576 -0.003278567 -0.000209050 0.115055241 0.003278310 0.999993801 -0.001218928 -5.638959885 0.000213045 0.001218236 0.999999225 359.429168701
0.999994218 -0.003426844 -0.000134539 0.113864563 0.003426586 0.999992371 -0.001876763 -5.671257496 0.000140969 0.001876291 0.999998212 361.030395508
0.999987304 -0.005033001 -0.000038552 0.107662059 0.005032849 0.999981940 -0.003260901 -5.701258183 0.000054963 0.003260665 0.999994636 362.615905762
0.999979138 -0.006468153 0.000003626 0.099691868 0.006468150 0.999977767 -0.001608287 -5.727565765 0.000006777 0.001608277 0.999998629 364.206878662
0.999968469 -0.007937144 -0.000305753 0.103666775 0.007936889 0.999968112 -0.000827479 -5.754290581 0.000312311 0.000825026 0.999999583 365.807098389
0.999962747 -0.008625918 -0.000199839 0.102919944 0.008625474 0.999960542 -0.002122398 -5.776787758 0.000218139 0.002120596 0.999997735 367.418945312
0.999973714 -0.007241285 0.000333650 0.084199078 0.007242115 0.999970496 -0.002559445 -5.807357311 -0.000315106 0.002561794 0.999996662 369.010925293
0.999985695 -0.005336802 0.000401090 0.079564936 0.005337674 0.999983370 -0.002206192 -5.829089165 -0.000389309 0.002208301 0.999997497 370.602966309
0.999988794 -0.004620268 0.001036895 0.065960072 0.004621075 0.999989033 -0.000777483 -5.867934227 -0.001033291 0.000782266 0.999999166 372.204071045
0.999991477 -0.003870899 0.001446454 0.061745770 0.003872695 0.999991715 -0.001241289 -5.892065525 -0.001441637 0.001246880 0.999998152 373.817291260
0.999988854 -0.004440194 0.001677174 0.052110642 0.004443728 0.999987900 -0.002108851 -5.921556473 -0.001667791 0.002116280 0.999996364 375.406311035
0.999988556 -0.004538991 0.001521615 0.048856109 0.004541959 0.999987841 -0.001952347 -5.954324245 -0.001512735 0.001959236 0.999996901 377.018615723
0.999988735 -0.004347502 0.001894181 0.048266575 0.004351228 0.999988556 -0.001966901 -5.990573883 -0.001885609 0.001975121 0.999996185 378.620697021
0.999993861 -0.002740749 0.002168666 0.042809200 0.002744248 0.999994934 -0.001612036 -6.020721912 -0.002164237 0.001617977 0.999996305 380.228668213
0.999996006 -0.000115424 0.002821260 0.033653319 0.000120118 0.999998748 -0.001663468 -6.046170235 -0.002821064 0.001663801 0.999994636 381.838073730
0.999993563 0.001749656 0.003127747 0.025977623 -0.001742097 0.999995589 -0.002417842 -6.074607372 -0.003131963 0.002412378 0.999992192 383.451690674
