1.000000000 0.000000000 0.000000000 0.000000000 0.000000000 1.000000000 0.000000000 0.000000000 0.000000000 0.000000000 1.000000000 -0.000000000
0.999991477 -0.002420546 -0.003350070 -0.003379580 0.002413284 0.999994755 -0.002169831 -0.005327916 0.003355304 0.002161728 0.999992013 0.665004849
0.999970376 -0.001273082 -0.007593017 -0.009020542 0.001243628 0.999991715 -0.003882615 -0.003300639 0.007597897 0.003873058 0.999963641 1.373695731
0.999938548 -0.001037715 -0.011039397 -0.033147044 0.000977207 0.999984443 -0.005485173 -0.000918674 0.011044918 0.005474048 0.999924004 2.066237926
0.999872923 0.000326250 -0.015941503 -0.053794820 -0.000426006 0.999980330 -0.006254632 -0.003688250 0.015939148 0.006260628 0.999853253 2.794689655
0.999798775 -0.001122495 -0.020028271 -0.081282213 0.001000365 0.999980867 -0.006106853 -0.022022499 0.020034742 0.006085591 0.999780774 3.535730839
0.999698877 0.000709263 -0.024529003 -0.106351845 -0.000894984 0.999971032 -0.007561358 -0.024739496 0.024522927 0.007581034 0.999670446 4.288287640
0.999576211 0.003341780 -0.028917842 -0.143482730 -0.003581589 0.999959707 -0.008244954 -0.033158954 0.028889116 0.008345032 0.999547780 5.052184105
0.999414027 0.003984618 -0.033992711 -0.155063570 -0.004194903 0.999972463 -0.006117113 -0.049059115 0.033967398 0.006256125 0.999403358 5.860782146
0.999251246 0.003408182 -0.038539153 -0.189859390 -0.003547408 0.999987364 -0.003544777 -0.055434503 0.038526583 0.003678837 0.999250829 6.661509037
0.999132633 0.003080271 -0.041525990 -0.233737856 -0.003113093 0.999994874 -0.000725743 -0.065442592 0.041523546 0.000854388 0.999137163 7.467126846
0.999033034 0.003719605 -0.043806419 -0.289528579 -0.003788886 0.999991655 -0.001498597 -0.071925759 0.043800477 0.001663125 0.999038935 8.284040451
0.998937368 0.003174360 -0.045978352 -0.334649056 -0.003259336 0.999993026 -0.001773328 -0.077135645 0.045972407 0.001921303 0.998940825 9.104331970
0.998866677 0.000271796 -0.047594249 -0.377782434 -0.000378940 0.999997318 -0.002242182 -0.083950147 0.047593519 0.002257676 0.998864293 9.936719894
0.998750627 -0.000079245 -0.049971998 -0.412760079 0.000016858 0.999999344 -0.001248857 -0.095378645 0.049972054 0.001246454 0.998749852 10.783321381
0.998673260 -0.001594910 -0.051471770 -0.458902389 0.001513639 0.999997497 -0.001617892 -0.102019727 0.051474214 0.001537836 0.998673141 11.634873390
0.998594701 0.000701456 -0.052992128 -0.514560282 -0.000898879 0.999992669 -0.003701791 -0.113468736 0.052989140 0.003744222 0.998588085 12.492642403
0.998505294 0.000750428 -0.054648452 -0.563714147 -0.001111571 0.999977648 -0.006578377 -0.115836337 0.054642294 0.006629290 0.998484015 13.363243103
0.998417556 0.004535062 -0.056053128 -0.624910295 -0.004982851 0.999956727 -0.007851483 -0.131707683 0.056015093 0.008118363 0.998396933 14.235195160
0.998339057 0.005431234 -0.057355259 -0.677207828 -0.005868558 0.999954939 -0.007459151 -0.143652007 0.057312153 0.007783355 0.998326004 15.128345490
0.998270750 0.005678494 -0.058509234 -0.739493668 -0.006032841 0.999964476 -0.005881379 -0.163929403 0.058473762 0.006224186 0.998269558 15.988211632
0.998201191 0.006462303 -0.059605107 -0.802157521 -0.006761387 0.999965549 -0.004817440 -0.171788216 0.059571922 0.005211787 0.998210490 16.885091782
0.998165846 0.005784275 -0.060261734 -0.864784837 -0.006061275 0.999971926 -0.004414833 -0.189550534 0.060234502 0.004771997 0.998172879 17.786912918
0.998065531 0.006675720 -0.061809734 -0.931207359 -0.007007871 0.999962091 -0.005158513 -0.207002774 0.061772957 0.005581690 0.998074651 18.685346603
0.998017251 0.005340711 -0.062713072 -0.994373679 -0.005699557 0.999968350 -0.005544525 -0.221852124 0.062681481 0.005890970 0.998016179 19.598711014
0.997973084 0.004898944 -0.063449197 -1.049685597 -0.005163245 0.999978721 -0.004002231 -0.230577111 0.063428253 0.004321722 0.997977078 20.518415451
0.997934937 0.007510768 -0.063791506 -1.100736618 -0.007601652 0.999970555 -0.001182141 -0.237077281 0.063780725 0.001664620 0.997962534 21.458036423
0.998000264 0.008445460 -0.062643178 -1.165963650 -0.008298949 0.999962151 0.002598640 -0.245707005 0.062662736 -0.002073571 0.998032629 22.389804840
0.998107076 0.007353886 -0.061059322 -1.225512028 -0.007021662 0.999959350 0.005653783 -0.254912674 0.061098404 -0.005214342 0.998118162 23.320728302
0.998194039 0.005985136 -0.059771709 -1.292330384 -0.005608186 0.999963284 0.006472249 -0.250969172 0.059808262 -0.006125350 0.998191059 24.294458389
0.998276949 0.006528073 -0.058313869 -1.349258304 -0.006324633 0.999973238 0.003672602 -0.257209122 0.058336284 -0.003297461 0.998291552 25.240396500
0.998324573 0.007165132 -0.057416290 -1.406783342 -0.007244524 0.999973059 -0.001174701 -0.262985796 0.057406325 0.001588686 0.998349607 26.179746628
0.998394251 0.006218268 -0.056304570 -1.466974378 -0.006443419 0.999971926 -0.003818147 -0.275705427 0.056279253 0.004174810 0.998406351 27.146678925
0.998440564 0.003576283 -0.055710644 -1.517132401 -0.003741914 0.999988854 -0.002869035 -0.284745157 0.055699762 0.003073025 0.998442888 28.104145050
0.998461723 0.001894390 -0.055412691 -1.581006050 -0.001776437 0.999996066 0.002177797 -0.295718879 0.055416599 -0.002076009 0.998461127 29.076156616
0.998414874 -0.001802352 -0.056253772 -1.637127638 0.002142877 0.999979615 0.005993640 -0.314303786 0.056241833 -0.006104684 0.998398483 30.030946732
0.998302579 -0.009211971 -0.057507198 -1.682598710 0.009538100 0.999939859 0.005399195 -0.320559531 0.057454009 -0.005938539 0.998330474 31.007005692
0.998180270 -0.012002931 -0.059093606 -1.725243449 0.012113420 0.999925494 0.001511832 -0.326921433 0.059071064 -0.002224907 0.998251319 31.964969635
0.998107970 -0.011715828 -0.060358256 -1.788623452 0.011597269 0.999930084 -0.002314195 -0.334736943 0.060381144 0.001609826 0.998174131 32.940044403
0.998005807 -0.010033266 -0.062320117 -1.859062433 0.009852740 0.999946296 -0.003203379 -0.341207504 0.062348921 0.002582968 0.998050988 33.925540924
0.997932434 -0.011222215 -0.063283436 -1.907781601 0.011153916 0.999936700 -0.001432452 -0.356575549 0.063295521 0.000723633 0.997994542 34.915512085
0.997862995 -0.008268842 -0.064815924 -1.975838542 0.008376650 0.999963939 0.001391708 -0.368823141 0.064802088 -0.001931675 0.997896194 35.913497925
0.997803867 -0.007855019 -0.065770090 -2.059724092 0.008032435 0.999964774 0.002433500 -0.377482533 0.065748654 -0.002956450 0.997831821 36.920711517
0.997755706 -0.006720279 -0.066621788 -2.132085085 0.007064577 0.999962866 0.004933680 -0.383934200 0.066586167 -0.005393262 0.997766137 37.896957397
0.997739673 -0.006974979 -0.066834733 -2.187560081 0.007539071 0.999938071 0.008191622 -0.389333099 0.066773467 -0.008676976 0.997730434 38.900432587
0.997729242 -0.001365167 -0.067338996 -2.264645100 0.002077248 0.999942780 0.010505689 -0.392999232 0.067320794 -0.010621714 0.997674763 39.879966736
0.997715890 -0.000986787 -0.067543142 -2.338687181 0.001657321 0.999949992 0.009872188 -0.396344036 0.067530014 -0.009961579 0.997667432 40.872097015
0.997734010 -0.000218960 -0.067281157 -2.430780172 0.000748484 0.999968946 0.007845209 -0.396431655 0.067277350 -0.007877789 0.997703373 41.943149567
0.997742414 0.002125801 -0.067123421 -2.512434006 -0.001750221 0.999982417 0.005653662 -0.402268648 0.067134269 -0.005523419 0.997728646 42.935661316
0.997686327 0.001494344 -0.067968972 -2.583637714 -0.001088855 0.999981403 0.006002438 -0.410025090 0.067976676 -0.005914543 0.997669399 43.928771973
0.997587621 0.000029765 -0.069418214 -2.624699831 0.000465259 0.999974608 0.007114859 -0.421105415 0.069416650 -0.007129993 0.997562408 44.846672058
0.997530818 0.000249649 -0.070228480 -2.697268963 0.000337090 0.999965131 0.008342732 -0.429041326 0.070228107 -0.008345806 0.997496068 45.833930969
0.997536182 0.002903562 -0.070092991 -2.780481815 -0.002572124 0.999985099 0.004818347 -0.440286517 0.070105948 -0.004626189 0.997528851 46.803794861
0.997472167 0.003413964 -0.070976064 -2.858528137 -0.003374044 0.999994040 0.000682336 -0.447852403 0.070977971 -0.000441135 0.997477829 47.772193909
0.997429311 0.004205465 -0.071533330 -2.932136059 -0.004253538 0.999990821 -0.000519709 -0.465223342 0.071530491 0.000822643 0.997438073 48.772418976
0.997436166 0.003100435 -0.071494192 -3.005505562 -0.002877382 0.999990642 0.003222647 -0.479146898 0.071503527 -0.003008669 0.997435868 49.751480103
0.997443795 0.001332039 -0.071443118 -3.079229593 -0.000901783 0.999981225 0.006054264 -0.485856444 0.071449839 -0.005974363 0.997426331 50.722461700
0.997427702 -0.001166830 -0.071668714 -3.158710003 0.001680644 0.999973297 0.007109396 -0.493158311 0.071658507 -0.007211559 0.997403204 51.739868164
0.997410357 -0.004329013 -0.071788847 -3.229147673 0.004755973 0.999971986 0.005777580 -0.500039458 0.071761832 -0.006104044 0.997403204 52.696678162
0.997285008 -0.008706423 -0.073121101 -3.271613359 0.009063797 0.999948561 0.004557012 -0.506250739 0.073077641 -0.005207395 0.997312665 53.584060669
0.997219563 -0.009936639 -0.073853575 -3.346356869 0.010371843 0.999931037 0.005511608 -0.513904512 0.073793717 -0.006262282 0.997253835 54.534461975
0.997094214 -0.013211586 -0.075023383 -3.417042255 0.013980335 0.999854922 0.009730876 -0.518480718 0.074883938 -0.010751452 0.997134387 55.488872528
0.997026145 -0.012597055 -0.076027103 -3.474628925 0.013773807 0.999793172 0.014973626 -0.534150541 0.075822756 -0.015976282 0.996993303 56.425636292
0.997029543 -0.010602715 -0.076286189 -3.557744026 0.011916189 0.999788165 0.016783191 -0.529528737 0.076092087 -0.017642379 0.996944666 57.369270325
0.996923864 -0.009582284 -0.077787444 -3.634008646 0.010621912 0.999859571 0.012962243 -0.533609748 0.077652328 -0.013748622 0.996885657 58.300842285
0.996828556 -0.007769331 -0.079198688 -3.708912849 0.008199596 0.999953330 0.005108971 -0.537096202 0.079155311 -0.005742164 0.996845782 59.212322235
0.996779799 -0.006491859 -0.079924025 -3.793706417 0.006539634 0.999978542 0.000336040 -0.534561574 0.079920128 -0.000857631 0.996800959 60.153991699
0.996751368 -0.001286543 -0.080530070 -3.880279064 0.001386375 0.999998271 0.001183797 -0.544299901 0.080528438 -0.001291595 0.996751428 61.054393768
0.996635556 0.001160168 -0.081952780 -3.963613272 -0.000869788 0.999993205 0.003578878 -0.556300998 0.081956409 -0.003495554 0.996629715 61.953105927
0.996533930 0.003642221 -0.083107568 -4.051918983 -0.003241588 0.999982357 0.004955105 -0.567448497 0.083124191 -0.004668531 0.996528208 62.860874176
0.996424556 0.004310213 -0.084377550 -4.127679825 -0.003926475 0.999981105 0.004713310 -0.576002121 0.084396310 -0.004365151 0.996422648 63.726642609
0.996281326 0.005534923 -0.085982375 -4.207771301 -0.005087411 0.999972343 0.005422932 -0.571140051 0.086010009 -0.004965339 0.996281922 64.560058594
0.996150792 0.006577251 -0.087409638 -4.287638664 -0.006079832 0.999963820 0.005955682 -0.581367314 0.087445639 -0.005401321 0.996154726 65.401664734
0.996030152 0.006389562 -0.088786952 -4.359179020 -0.005840690 0.999962211 0.006440342 -0.598528564 0.088824756 -0.005896199 0.996029854 66.212646484
0.995925605 0.006130409 -0.089969732 -4.433926105 -0.005496568 0.999958336 0.007291133 -0.602080286 0.090010680 -0.006766901 0.995917857 67.018043518
0.995783389 0.008544431 -0.091337152 -4.504656315 -0.007644397 0.999918759 0.010199280 -0.613837004 0.091416895 -0.009458057 0.995767713 67.776260376
0.995663464 0.010169483 -0.092471443 -4.586626530 -0.008873329 0.999856651 0.014417179 -0.620891571 0.092604816 -0.013534128 0.995611012 68.559654236
0.995502949 0.013615780 -0.093746714 -4.681163311 -0.012146868 0.999794662 0.016221801 -0.624375582 0.093948342 -0.015010126 0.995463848 69.336524963
0.995315731 0.016346864 -0.095286287 -4.754868031 -0.015255512 0.999809682 0.012170725 -0.631161749 0.095467091 -0.010660077 0.995375514 70.084465027
0.995186865 0.016424123 -0.096608698 -4.825881958 -0.016011281 0.999859035 0.005047075 -0.642660141 0.096677989 -0.003475954 0.995309651 70.801918030
0.995071530 0.015468904 -0.097945198 -4.897599220 -0.015614912 0.999877751 -0.000724273 -0.649571776 0.097922020 0.002250110 0.995191574 71.494468689
0.995037198 0.016262835 -0.098165184 -4.973886490 -0.016541563 0.999861002 -0.002026118 -0.654024601 0.098118588 0.003639869 0.995168149 72.186759949
0.994903028 0.018553784 -0.099114537 -5.047360420 -0.018504426 0.999827743 0.001417351 -0.664305151 0.099123769 0.000423931 0.995074987 72.857704163
0.994759440 0.019258598 -0.100412905 -5.119040489 -0.018979071 0.999812901 0.003738407 -0.681266785 0.100466110 -0.001813072 0.994938850 73.508003235
0.994724393 0.016037341 -0.101322204 -5.185143948 -0.016086491 0.999870598 0.000332013 -0.690622389 0.101314396 0.001299657 0.994853616 74.141754150
0.994762719 0.007295229 -0.101950690 -5.220670700 -0.007820477 0.999958098 -0.004753213 -0.702243984 0.101911746 0.005525623 0.994778037 74.749084473
0.994873285 0.003218126 -0.101078667 -5.271069527 -0.004200477 0.999945939 -0.009507329 -0.710560441 0.101042606 0.009883165 0.994832993 75.344764709
0.995183051 0.005573983 -0.097875640 -5.334340572 -0.006581755 0.999928534 -0.009976598 -0.718618333 0.097813047 0.010572736 0.995148599 75.926933289
0.995566666 0.010663162 -0.093451858 -5.405922413 -0.011306454 0.999915898 -0.006356936 -0.743422031 0.093376219 0.007385364 0.995603383 76.498703003
0.996000946 0.009339287 -0.088852711 -5.455561638 -0.009671343 0.999947786 -0.003307403 -0.752757192 0.088817179 0.004153501 0.996039271 77.053955078
0.996532559 0.005584018 -0.083016105 -5.492253304 -0.005552192 0.999984443 0.000614176 -0.758519888 0.083018243 -0.000151124 0.996547937 77.598808289
0.997199595 0.001158326 -0.074777618 -5.522349358 -0.000832341 0.999989986 0.004390343 -0.776657343 0.074781969 -0.004315807 0.997190475 78.122695923
0.997930527 0.004837519 -0.064118229 -5.547879696 -0.004576371 0.999980628 0.004219121 -0.778967857 0.064137384 -0.003916960 0.997933328 78.631278992
0.998748600 0.009963194 -0.049010225 -5.575004578 -0.009782250 0.999944389 0.003930392 -0.787592053 0.049046639 -0.003446042 0.998790503 79.134445190
0.999406695 0.015105856 -0.030950245 -5.588562012 -0.014984294 0.999879062 0.004155756 -0.788786829 0.031009261 -0.003689522 0.999512255 79.626922607
0.999871075 0.013557453 -0.008599896 -5.581553936 -0.013517670 0.999897778 0.004666986 -0.793923676 0.008662276 -0.004550134 0.999952137 80.110168457
0.999801934 0.010237504 0.017061902 -5.537915707 -0.010322688 0.999934673 0.004912413 -0.789831340 -0.017010501 -0.005087565 0.999842346 80.562629700
0.998882771 0.009025562 0.046385705 -5.490403652 -0.009336337 0.999935329 0.006487617 -0.797494709 -0.046324160 -0.006913441 0.998902440 81.014389038
0.996781170 0.008515471 0.079715751 -5.438049793 -0.009195020 0.999924481 0.008161526 -0.806352377 -0.079640239 -0.008868244 0.996784210 81.467414856
0.993083358 0.008593883 0.117095560 -5.359045506 -0.009660844 0.999916792 0.008547381 -0.809782863 -0.117012382 -0.009619504 0.993083835 81.908668518
0.987297595 0.009585156 0.158592567 -5.268147469 -0.011048505 0.999904096 0.008347961 -0.805567682 -0.158497334 -0.009994131 0.987308860 82.244964600
0.978999436 0.009281851 0.203651831 -5.152722836 -0.011153314 0.999905467 0.008043692 -0.809133172 -0.203557923 -0.010146162 0.979010344 82.658729553
0.967485845 0.011528806 0.252662539 -5.019321918 -0.013489181 0.999890745 0.006027970 -0.817382395 -0.252565473 -0.009240185 0.967535794 83.061935425
0.952002704 0.012556490 0.305832088 -4.864931583 -0.014189594 0.999894500 0.003117285 -0.824644208 -0.305760682 -0.007307297 0.952080369 83.447212219
0.932187796 0.013014516 0.361741215 -4.687586308 -0.014219379 0.999898672 0.000668802 -0.827506959 -0.361695826 -0.005767184 0.932278335 83.815620422
0.908082306 0.013331520 0.418579519 -4.486914158 -0.014171179 0.999898911 -0.001102721 -0.834414065 -0.418551952 -0.004930402 0.908179522 84.157638550
0.879586458 0.012832941 0.475565851 -4.281428814 -0.012351510 0.999915063 -0.004137448 -0.828684390 -0.475578606 -0.002234712 0.879670382 84.426078796
0.846302867 0.011789300 0.532571554 -4.040424824 -0.010037109 0.999930501 -0.006185171 -0.834793150 -0.532607436 -0.000110950 0.846362412 84.724479675
0.809204817 0.011367942 0.587416649 -3.781715870 -0.008578081 0.999934733 -0.007534309 -0.842723131 -0.587463975 0.001057894 0.809249640 85.018692017
0.769213676 0.009942564 0.638914168 -3.507478952 -0.007815737 0.999950409 -0.006151217 -0.856671929 -0.638943732 -0.000261984 0.769253492 85.287635803
0.726418912 0.009691436 0.687183857 -3.217579842 -0.009187391 0.999948084 -0.004390441 -0.860202253 -0.687190771 -0.003124125 0.726470351 85.537872314
0.681270123 0.009037754 0.731976330 -2.913777351 -0.008277030 0.999954998 -0.004642847 -0.861960530 -0.731985271 -0.002895556 0.681314349 85.762916565
0.634863019 0.007568811 0.772587597 -2.591795206 -0.005050479 0.999971271 -0.005646262 -0.871725559 -0.772608161 -0.000317333 0.634883165 85.966621399
0.588720739 0.003339178 0.808329642 -2.277789354 0.002944085 0.999975979 -0.006275089 -0.881457090 -0.808331132 0.006074067 0.588696718 86.125793457
0.542717814 0.004993053 0.839900315 -1.938937306 0.001066944 0.999977469 -0.006634109 -0.894092560 -0.839914382 0.004496577 0.542700231 86.287384033
0.495492607 0.008344837 0.868572056 -1.602519035 -0.002369138 0.999963105 -0.008255662 -0.896087766 -0.868608952 0.002032852 0.495494097 86.443786621
0.450270861 0.010238585 0.892833352 -1.260663867 -0.002874085 0.999945760 -0.010017449 -0.905908585 -0.892887414 0.001944487 0.450275809 86.574874878
0.407718539 0.007934025 0.913073182 -0.908549070 0.004132282 0.999935985 -0.010534015 -0.911376834 -0.913098335 0.008067990 0.407659620 86.688560486
0.366751701 0.000335120 0.930318832 -0.567378163 0.017790399 0.999814510 -0.007373511 -0.925699115 -0.930148721 0.019254990 0.366677672 86.784782410
0.331163943 -0.003021613 0.943568468 -0.202409938 0.021725060 0.999754250 -0.004423300 -0.928255081 -0.943323076 0.021963920 0.331148148 86.877113342
0.298107147 0.000667814 0.954532146 0.163014188 0.019195477 0.999793231 -0.006694362 -0.937252581 -0.954339325 0.020318337 0.298032701 86.970352173
0.267357051 0.008371680 0.963561177 0.531482458 0.008411916 0.999903917 -0.011021469 -0.950663209 -0.963560760 0.011052063 0.267260849 87.066108704
0.238588750 0.012952384 0.971034348 0.921146691 0.003127605 0.999895573 -0.014105828 -0.965727091 -0.971115649 0.006402505 0.238523379 87.163002014
0.212884843 0.014554645 0.976968884 1.312547565 0.004572315 0.999863207 -0.015892044 -0.979631782 -0.977066636 0.007850186 0.212789223 87.228050232
0.189452529 0.015904874 0.981761098 1.718797445 0.011551822 0.999763370 -0.018425699 -0.989926755 -0.981821954 0.014831925 0.189223990 87.280242920
0.169638336 0.021825209 0.985264719 2.131463528 0.018471774 0.999508619 -0.025321122 -0.992498279 -0.985333323 0.022495022 0.169151843 87.320617676
0.149380311 0.029246509 0.988347173 2.570375919 0.021170147 0.999238729 -0.032768495 -0.979274154 -0.988553166 0.025818424 0.148647442 87.384689331
0.131651595 0.029988760 0.990842402 3.011101723 0.019104194 0.999279857 -0.032782476 -0.990851521 -0.991111994 0.023245106 0.130983904 87.441589355
0.116438083 0.025559397 0.992869020 3.472907543 0.016635397 0.999478281 -0.027680453 -1.016365528 -0.993058681 0.019739831 0.115952164 87.488639832
0.101952672 0.022413911 0.994536638 3.944911957 0.016190317 0.999576330 -0.024187207 -1.037649512 -0.994657516 0.018567815 0.101546593 87.530082703
0.088327169 0.020220939 0.995886266 4.458340168 0.018240245 0.999593496 -0.021913977 -1.041610837 -0.995924532 0.020100806 0.087922409 87.571632385
0.076761954 0.019408446 0.996860623 4.951927185 0.021826195 0.999538243 -0.021141279 -1.055873156 -0.996810555 0.023380514 0.076302901 87.595420837
0.066604212 0.019967517 0.997579753 5.466773987 0.025024811 0.999451876 -0.021675792 -1.070746899 -0.997465670 0.026407942 0.066068023 87.622230530
0.058681108 0.020488270 0.998066545 6.000340462 0.027283033 0.999383032 -0.022119394 -1.083368421 -0.997903883 0.028528273 0.058085926 87.648529053
0.053306207 0.020573406 0.998366296 6.543649197 0.029423779 0.999321282 -0.022164125 -1.101069212 -0.998144627 0.030557195 0.052664675 87.667747498
0.047981005 0.021712050 0.998612225 7.104234219 0.030801171 0.999256134 -0.023205969 -1.114109874 -0.998373210 0.031871874 0.047276545 87.686912537
0.041892231 0.022157002 0.998876393 7.676809788 0.032367341 0.999199390 -0.023521634 -1.131933570 -0.998597682 0.033316348 0.041141517 87.706375122
0.037529990 0.022137601 0.999050319 8.282013893 0.035030778 0.999110997 -0.023454905 -1.147890806 -0.998681247 0.035877772 0.036721133 87.725082397
0.034906641 0.022099445 0.999146163 8.904594421 0.036487341 0.999060929 -0.023372293 -1.166071653 -0.998724341 0.037272044 0.034067508 87.733833313
0.031874582 0.021624636 0.999257922 9.544501305 0.037559200 0.999033928 -0.022817859 -1.183256507 -0.998785913 0.038258649 0.031031586 87.751472473
0.029177699 0.021012224 0.999353349 10.186756134 0.039014459 0.998993397 -0.022143744 -1.201145768 -0.998812556 0.039635330 0.028328540 87.768440247
0.028622374 0.020532990 0.999379337 10.863414764 0.043817759 0.998802245 -0.021776080 -1.219653964 -0.998629391 0.044413850 0.027688378 87.779571533
0.029773176 0.020354416 0.999349415 11.549211502 0.046771489 0.998669088 -0.021734001 -1.229535222 -0.998461843 0.047388148 0.028781546 87.791351318
0.032124493 0.020140814 0.999280930 12.253836632 0.048528090 0.998586357 -0.021686878 -1.248265743 -0.998305142 0.049189869 0.031101685 87.813354492
0.035813313 0.020205647 0.999154210 12.976639748 0.051018223 0.998454928 -0.022020182 -1.267029285 -0.998055398 0.051763684 0.034727126 87.841751099
0.040248744 0.019663109 0.998996198 13.707405090 0.051272411 0.998448551 -0.021718053 -1.290722013 -0.997873306 0.052095059 0.039178129 87.861328125
0.044072110 0.018096680 0.998864412 14.463299751 0.052846059 0.998393953 -0.020419840 -1.309123397 -0.997629642 0.053685997 0.043044996 87.899261475
0.047862872 0.016525062 0.998717189 15.230858803 0.052602138 0.998434067 -0.019041298 -1.328699231 -0.997467875 0.053446032 0.046918672 87.943115234
0.052263886 0.014359279 0.998530030 16.010309219 0.049516819 0.998629391 -0.016952459 -1.347940803 -0.997404933 0.050330035 0.051481232 87.989356995
0.056620136 0.012675082 0.998315215 16.821441650 0.048760630 0.998691022 -0.015445349 -1.384878516 -0.997204363 0.049553011 0.055927966 88.019844055
0.060634647 0.013702811 0.998065889 17.622789383 0.046029638 0.998803556 -0.016509341 -1.403306007 -0.997098088 0.046941660 0.059931364 88.079261780
0.063477017 0.017813414 0.997824311 18.421304703 0.043854509 0.998825073 -0.020621102 -1.429684639 -0.997019291 0.045068055 0.062621236 88.139793396
0.065355219 0.023246747 0.997591197 19.268854141 0.039187308 0.998897612 -0.025844475 -1.441414833 -0.997092247 0.040781993 0.064372219 88.211082458
0.065064736 0.026487799 0.997529447 20.079551697 0.036322672 0.998922348 -0.028893968 -1.464574337 -0.997219741 0.038112920 0.064032532 88.272026062
0.065140173 0.026306204 0.997529268 20.897451401 0.034324750 0.999001801 -0.028586499 -1.490926623 -0.997285664 0.036102071 0.064172193 88.337898254
0.065119751 0.024366627 0.997579873 21.714839935 0.031465434 0.999154687 -0.026459089 -1.524421334 -0.997381270 0.033112295 0.064297989 88.398170471
0.064988948 0.022985112 0.997621298 22.531789780 0.032017604 0.999171913 -0.025106592 -1.561401606 -0.997372150 0.033573095 0.064199217 88.445877075
0.065320753 0.022109952 0.997619390 23.345941544 0.029687909 0.999268889 -0.024090376 -1.597126245 -0.997422636 0.031190841 0.064616606 88.507453918
0.065176576 0.022415275 0.997622073 24.162857056 0.027680621 0.999322355 -0.024261907 -1.628733993 -0.997489750 0.029196104 0.064511947 88.572944641
0.065275893 0.023147359 0.997598827 24.973213196 0.024580531 0.999390244 -0.024797305 -1.659391999 -0.997564495 0.026140174 0.064667121 88.634147644
0.064187072 0.024207026 0.997644246 25.795263290 0.020365085 0.999465823 -0.025561485 -1.696963310 -0.997730017 0.021957824 0.063659795 88.688323975
0.061126288 0.024185488 0.997837007 26.609283447 0.017054129 0.999535143 -0.025271364 -1.723769546 -0.997984290 0.018561982 0.060685411 88.750175476
0.057426818 0.022595378 0.998093963 27.419473648 0.014656289 0.999616981 -0.023473129 -1.756818533 -0.998242140 0.015976338 0.057073653 88.800750732
0.052151747 0.020166362 0.998435497 28.233030319 0.012906898 0.999698997 -0.020866055 -1.785523295 -0.998555720 0.013974907 0.051875748 88.853546143
0.046531957 0.018047910 0.998753726 29.026010513 0.010983596 0.999767065 -0.018577946 -1.820832968 -0.998856366 0.011834376 0.046322893 88.890106201
0.038803667 0.018494545 0.999075711 29.828371048 0.010610197 0.999764681 -0.018919397 -1.845241547 -0.999190450 0.011334531 0.038598314 88.925148010
0.030254656 0.019204549 0.999357760 30.632970810 0.010482503 0.999754250 -0.019529518 -1.873531580 -0.999487221 0.011066628 0.030045921 88.948875427
0.020474384 0.019558176 0.999599040 31.437036514 0.010703948 0.999746978 -0.019780315 -1.898236036 -0.999732971 0.011104647 0.020259855 88.962654114
0.010302844 0.018764265 0.999770820 32.217163086 0.012047037 0.999749005 -0.018888002 -1.922866583 -0.999874294 0.012238877 0.010074204 88.966819763
-0.000670360 0.017739240 0.999842405 33.011081696 0.010799227 0.999784529 -0.017730970 -1.950928450 -0.999941409 0.010785641 -0.000861787 88.969970703
-0.011789858 0.016872715 0.999788105 33.800659180 0.012300695 0.999784470 -0.016727598 -1.975718975 -0.999854803 0.012100873 -0.011994868 88.957160950
-0.022705298 0.017729159 0.999584973 34.581657410 0.013366613 0.999758780 -0.017428618 -1.986465096 -0.999652863 0.012965341 -0.022936800 88.939514160
-0.033839747 0.018431095 0.999257207 35.358730316 0.013296573 0.999749780 -0.017989893 -2.009533405 -0.999338925 0.012677924 -0.034076344 88.913101196
-0.043910969 0.019360777 0.998847783 36.126541138 0.013307939 0.999734819 -0.018792933 -2.036702394 -0.998946726 0.012467390 -0.044156983 88.857444763
-0.054277357 0.020543471 0.998314500 36.891223907 0.013919716 0.999706686 -0.019815322 -2.058070898 -0.998428881 0.012820731 -0.054547399 88.815879822
-0.063876569 0.021248601 0.997731566 37.651046753 0.014799724 0.999683440 -0.020342667 -2.083911419 -0.997848034 0.013466732 -0.064170837 88.764801025
-0.073351696 0.021857092 0.997066557 38.407855988 0.015165645 0.999668539 -0.020798432 -2.106510878 -0.997190952 0.013595556 -0.073658861 88.702110291
-0.082823060 0.022195840 0.996316969 39.147563934 0.015881281 0.999654353 -0.020949990 -2.134152174 -0.996437728 0.014087649 -0.083146945 88.641685486
-0.091367930 0.021540614 0.995584071 39.879802704 0.016981822 0.999654353 -0.020070199 -2.159464121 -0.995672405 0.015073061 -0.091702148 88.569702148
-0.099029258 0.019867059 0.994886100 40.627990723 0.018878598 0.999658287 -0.018083213 -2.198548555 -0.994905472 0.016991289 -0.099370472 88.504226685
-0.104332998 0.018252702 0.994374871 41.354862213 0.021628868 0.999636829 -0.016079919 -2.221554279 -0.994307280 0.019829538 -0.104689881 88.429512024
-0.107894927 0.016836116 0.994019687 42.060329437 0.024811957 0.999590755 -0.014237287 -2.241002321 -0.993852735 0.023127442 -0.108268514 88.342384338
-0.110745825 0.015905680 0.993721485 42.784038544 0.026645897 0.999559999 -0.013029568 -2.259179115 -0.993491530 0.025035625 -0.111120902 88.261276245
-0.112738840 0.014944628 0.993512273 43.467437744 0.026605500 0.999573767 -0.012016748 -2.280459404 -0.993268430 0.025078136 -0.113088414 88.187652588
-0.113276131 0.014895003 0.993451893 44.115383148 0.026706832 0.999571919 -0.011941577 -2.311969280 -0.993204713 0.025179256 -0.113625415 88.105667114
-0.112205058 0.015764285 0.993560016 44.764541626 0.027239412 0.999547243 -0.012783068 -2.330761671 -0.993311703 0.025629664 -0.112583667 88.033126831
-0.109009467 0.017293140 0.993890226 45.391651154 0.028316885 0.999496996 -0.014284909 -2.352019548 -0.993637323 0.026586685 -0.109444298 87.963676453
-0.104162425 0.018559270 0.994387031 46.036193848 0.028177893 0.999479532 -0.015702669 -2.361562967 -0.994161069 0.026384100 -0.104631171 87.900131226
-0.096274197 0.019347880 0.995166779 46.633003235 0.027693199 0.999476075 -0.016752571 -2.378423452 -0.994969487 0.025946515 -0.096759558 87.848457336
-0.084824100 0.019320043 0.996208608 47.213760376 0.026658414 0.999498069 -0.017113958 -2.400433064 -0.996039271 0.025105666 -0.085296571 87.805686951
-0.071315512 0.019558229 0.997261941 47.769817352 0.026018942 0.999503911 -0.017741550 -2.423118591 -0.997114360 0.024682453 -0.071789026 87.778526306
-0.054361850 0.020650644 0.998307705 48.304515839 0.025167445 0.999496818 -0.019304769 -2.446179390 -0.998204112 0.024075413 -0.054854222 87.764968872
-0.032580838 0.023087006 0.999202371 48.835166931 0.022969896 0.999486446 -0.022344593 -2.463547468 -0.999205112 0.022223571 -0.033094417 87.750267029
-0.007816374 0.026014764 0.999631047 49.355068207 0.020969998 0.999445975 -0.025845978 -2.487390757 -0.999749541 0.020760240 -0.008357577 87.765075684
0.020279016 0.027633868 0.999412417 49.867530823 0.018978212 0.999427259 -0.028019365 -2.509308815 -0.999614239 0.019535266 0.019742951 87.799896240
0.053402834 0.027141603 0.998204112 50.379707336 0.016756438 0.999465406 -0.028072350 -2.528493881 -0.998432517 0.018225489 0.052919492 87.849403381
0.092445493 0.024765681 0.995409667 50.879127502 0.016113669 0.999522567 -0.026364509 -2.546719074 -0.995587349 0.018476987 0.092002288 87.902458191
0.134366438 0.021104554 0.990706921 51.361976624 0.014243653 0.999628663 -0.023226434 -2.571150303 -0.990829349 0.017232137 0.134015903 87.980697632
0.180276245 0.016821939 0.983472109 51.847763062 0.011674566 0.999746680 -0.019240329 -2.590184212 -0.983546734 0.014950184 0.180034190 88.088798523
0.228913099 0.013380567 0.973354876 52.336536407 0.007248402 0.999854326 -0.015449526 -2.609018087 -0.973419905 0.010591866 0.228782743 88.232093811
0.281015337 0.012093723 0.959627092 52.804115295 0.003354818 0.999902129 -0.013583707 -2.624219418 -0.959697366 0.007036604 0.280947268 88.397109985
0.335830390 0.011703076 0.941849709 53.256465912 0.002412001 0.999908805 -0.013284534 -2.639158726 -0.941919446 0.006733091 0.335771501 88.592689514
0.391950727 0.012951219 0.919895113 53.704959869 0.004912804 0.999857128 -0.016170265 -2.646464348 -0.919973075 0.010857210 0.391831130 88.827255249
0.452368945 0.015423469 0.891697645 54.122085571 0.006052654 0.999774277 -0.020363435 -2.669876814 -0.891810358 0.014608921 0.452173501 89.066696167
0.512485981 0.018132102 0.858504236 54.520248413 0.007618383 0.999641657 -0.025660820 -2.690991402 -0.858661711 0.019691223 0.512164176 89.333717346
0.571268499 0.023176782 0.820436001 54.881229401 0.003771496 0.999516606 -0.030861776 -2.694614649 -0.820754588 0.020724632 0.570904970 89.624534607
0.625533164 0.025335722 0.779786110 55.214324951 0.001202405 0.999440134 -0.033436954 -2.705231190 -0.780196607 0.021853546 0.625152469 89.957504272
0.678903461 0.026086604 0.733764052 55.540027618 -0.000507496 0.999385059 -0.035060350 -2.723504543 -0.734227419 0.023430208 0.678499162 90.299903870
0.728583634 0.023605498 0.684549928 55.844612122 -0.000640002 0.999428988 -0.033782374 -2.746765852 -0.684956431 0.024175175 0.728182733 90.655487061
0.773425698 0.021052435 0.633537173 56.095348358 -0.003230724 0.999566257 -0.029271493 -2.758175611 -0.633878589 0.020592541 0.773158312 91.031669617
0.813533723 0.016593544 0.581281006 56.315006256 -0.003995450 0.999728739 -0.022946922 -2.765221834 -0.581504047 0.016345618 0.813379169 91.437355042
0.850182533 0.014742750 0.526281595 56.534282684 -0.006649097 0.999828875 -0.017266955 -2.771291018 -0.526446104 0.011180767 0.850135088 91.861114502
0.881269813 0.011661168 0.472469628 56.718643188 -0.007609558 0.999916077 -0.010485582 -2.779888630 -0.472552240 0.005645343 0.881284595 92.290763855
0.906923592 0.012268923 0.421116650 56.882701874 -0.011261939 0.999924719 -0.004878180 -2.795181990 -0.421144724 -0.000318450 0.906993389 92.725547791
0.926582038 0.014516173 0.375812441 57.009017944 -0.015094148 0.999885142 -0.001406394 -2.807619572 -0.375789702 -0.004369428 0.926694691 93.166191101
0.941293478 0.019397071 0.337031484 57.118640900 -0.021215137 0.999773502 0.001711980 -2.818616152 -0.336921871 -0.008761644 0.941491842 93.610206604
0.953051925 0.023654871 0.301881552 57.227043152 -0.025074316 0.999685228 0.000827136 -2.822782516 -0.301766962 -0.008357776 0.953345120 94.068344116
0.962043405 0.026388343 0.271617830 57.326000214 -0.027580632 0.999619424 0.000572343 -2.821395159 -0.271499276 -0.008042008 0.962405026 94.534996033
0.968055010 0.021158429 0.249843717 57.434024811 -0.021965774 0.999758661 0.000443289 -2.825069904 -0.249774009 -0.005917137 0.968286097 95.006164551
0.971971035 0.017897692 0.234418452 57.536720276 -0.018821383 0.999821484 0.001703534 -2.840639114 -0.234346077 -0.006067862 0.972134292 95.488410950
0.974793315 0.023224963 0.221897885 57.628849030 -0.024017993 0.999711215 0.000875732 -2.843286276 -0.221813440 -0.006183199 0.975069582 95.984405518
0.976761580 0.028296499 0.212452620 57.717517853 -0.029321410 0.999568701 0.001674426 -2.844828844 -0.212313563 -0.007864926 0.977169991 96.490417480
0.978049755 0.035007976 0.205409631 57.825370789 -0.035769820 0.999360025 -0.000004420 -2.835810423 -0.205278307 -0.007343143 0.978676081 96.958335876
0.978375375 0.040914461 0.202749938 57.916408539 -0.041052807 0.999150753 -0.003524831 -2.841714621 -0.202721968 -0.004874846 0.979224205 97.477546692
0.978517294 0.042621829 0.201711148 58.024528503 -0.042222746 0.999088407 -0.006282663 -2.849761248 -0.201795071 -0.002369106 0.979424953 98.016685486
0.977970660 0.041267082 0.204622895 58.132904053 -0.040086661 0.999147058 -0.009912409 -2.859113216 -0.204857409 0.001491397 0.978790700 98.557167053
0.977188110 0.040414393 0.208494872 58.253459930 -0.037866294 0.999151349 -0.016199965 -2.870198965 -0.208972678 0.007935490 0.977889299 99.105003357
0.976448953 0.039194357 0.212158635 58.384010315 -0.035606224 0.999151289 -0.020708252 -2.883954525 -0.212790236 0.012666383 0.977015793 99.649459839
0.975186527 0.043900795 0.216988355 58.498973846 -0.040416609 0.998973250 -0.020471038 -2.894346714 -0.217664242 0.011193149 0.975959480 100.234230042
0.973816752 0.047014751 0.222419754 58.627975464 -0.044419251 0.998874009 -0.016660402 -2.906920671 -0.222952604 0.006344461 0.974808574 100.826019287
0.972839296 0.044222694 0.227218136 58.769756317 -0.042581499 0.999019384 -0.012122158 -2.919710159 -0.227531418 0.002117625 0.973768473 101.428756714
0.972122431 0.039893046 0.231055275 58.919376373 -0.039511722 0.999199450 -0.006279341 -2.934194565 -0.231120795 -0.003025101 0.972920299 102.043052673
0.971483052 0.037429258 0.234136254 59.092330933 -0.038114008 0.999272048 -0.001601180 -2.938145161 -0.234025776 -0.007368356 0.972202480 102.678527832
0.970899403 0.032748118 0.237238362 59.248188019 -0.033440921 0.999440074 -0.001104419 -2.944461346 -0.237141728 -0.006861191 0.971450746 103.316131592
0.970907569 0.029435432 0.237638369 59.406707764 -0.029248506 0.999562860 -0.004313143 -2.952610731 -0.237661466 -0.002762904 0.971344113 103.960960388
0.971003652 0.028680123 0.237338200 59.565845490 -0.026792103 0.999578536 -0.011177319 -2.964288712 -0.237558737 0.004494426 0.971362829 104.611427307
0.971148729 0.031028787 0.236447245 59.725250244 -0.027653068 0.999463022 -0.017580571 -2.982836485 -0.236865774 0.010534855 0.971485257 105.270767212
0.971763074 0.033736221 0.233534724 59.882911682 -0.029530698 0.999333084 -0.021482354 -2.991465569 -0.234103724 0.013979312 0.972111106 105.947700500
0.972354293 0.032454878 0.231243879 60.042358398 -0.029198406 0.999420583 -0.017491829 -3.000147581 -0.231677562 0.010256302 0.972738564 106.643676758
0.972733974 0.028381089 0.230180413 60.205848694 -0.026833538 0.999591351 -0.009851385 -3.016571999 -0.230365947 0.003406218 0.973098099 107.353950500
0.973259509 0.029459972 0.227811351 60.373992920 -0.029367168 0.999561489 -0.003797794 -3.032101631 -0.227823347 -0.002993935 0.973697901 108.084938049
0.973523259 0.032974768 0.226197153 60.531051636 -0.032771371 0.999452114 -0.004655256 -3.043116570 -0.226226717 -0.002880791 0.974070489 108.816322327
0.973835588 0.038676795 0.223938346 60.685371399 -0.037546504 0.999251544 -0.009304920 -3.052818775 -0.224130660 0.000653359 0.974558890 109.547142029
0.974704027 0.040300202 0.219836131 60.856056213 -0.038046520 0.999171078 -0.014477613 -3.062297106 -0.220237345 0.005747388 0.975429416 110.270294189
0.975645125 0.038888857 0.215880036 61.021694183 -0.035931222 0.999199092 -0.017609738 -3.073385954 -0.216391936 0.009424023 0.976261079 111.027168274
0.976529598 0.037112486 0.212161675 61.184597015 -0.034510326 0.999276996 -0.015956264 -3.090208769 -0.212600425 0.008259999 0.977104306 111.801734924
0.977411270 0.032381117 0.208850950 61.350326538 -0.030093711 0.999447465 -0.014121527 -3.095325708 -0.209192812 0.007517439 0.977845490 112.591102600
0.977820635 0.031178338 0.207110733 61.515266418 -0.029473942 0.999501586 -0.011310741 -3.112112045 -0.207360163 0.004955505 0.978252113 113.385841370
0.978161335 0.028182913 0.205927730 61.680007935 -0.026914630 0.999597609 -0.008958127 -3.124997616 -0.206097320 0.003220024 0.978526294 114.186386108
0.978399515 0.022750003 0.205467314 61.851150513 -0.021699637 0.999737442 -0.007364266 -3.155398846 -0.205580920 0.002746628 0.978636205 114.956237793
0.978506446 0.023783159 0.204840168 62.014072418 -0.023081567 0.999716759 -0.005814097 -3.168147802 -0.204920456 0.000961099 0.978778183 115.760871887
0.978277206 0.029146325 0.205241591 62.173751831 -0.028121339 0.999573290 -0.007909797 -3.178743839 -0.205384523 0.001966306 0.978679419 116.577568054
0.977955759 0.034459300 0.205949068 62.336322784 -0.032873917 0.999397695 -0.011115870 -3.193376780 -0.206208080 0.004100475 0.978499591 117.415176392
0.977405727 0.043201990 0.206910118 62.496982574 -0.041447479 0.999058485 -0.012809073 -3.203620195 -0.207268700 0.003943759 0.978276134 118.247291565
0.976467073 0.049206331 0.209978357 62.656829834 -0.047639735 0.998786211 -0.012515431 -3.217621565 -0.210339323 0.002217591 0.977625906 119.074089050
0.975670993 0.051820870 0.213027686 62.824050903 -0.050749388 0.998656213 -0.010498796 -3.236831427 -0.213285491 -0.000567654 0.976989865 119.915321350
0.975227118 0.051609762 0.215100646 63.016979218 -0.050536111 0.998667061 -0.010491753 -3.274030447 -0.215355411 -0.000638508 0.976535559 120.725646973
0.974859953 0.050052729 0.217123926 63.196578979 -0.048270203 0.998742938 -0.013508979 -3.286489010 -0.217527181 0.002688747 0.976050615 121.560646057
0.974820793 0.044036221 0.218598500 63.387371063 -0.042407770 0.999026716 -0.012138148 -3.306080103 -0.218920276 0.002562243 0.975739419 122.398574829
0.975099444 0.037359819 0.218598485 63.584754944 -0.035209630 0.999285698 -0.013724889 -3.327064276 -0.218955114 0.005686360 0.975718439 123.235389709
0.974746108 0.037878580 0.220079795 63.758621216 -0.035800721 0.999268770 -0.013423615 -3.352892160 -0.220427319 0.005205603 0.975389481 124.064971924
0.974183321 0.040507805 0.222094357 63.944091797 -0.039102782 0.999177635 -0.010721635 -3.369982004 -0.222346023 0.001760331 0.974966228 124.914161682
0.973793209 0.042504150 0.223428279 64.125022888 -0.042493589 0.999084890 -0.004857430 -3.387523890 -0.223430321 -0.004764141 0.974708319 125.751960754
0.973372459 0.046227928 0.224519461 64.301879883 -0.047280215 0.998881400 -0.000690176 -3.406993151 -0.224300221 -0.009943532 0.974469364 126.583396912
0.973303378 0.045264255 0.225014597 64.501358032 -0.044752326 0.998970985 -0.007377619 -3.422698975 -0.225116983 -0.002889265 0.974327445 127.402847290
0.973548770 0.041144826 0.224743754 64.693679810 -0.037188239 0.999070227 -0.021811556 -3.443589926 -0.225432247 0.012876791 0.974173784 128.215972900
